5537029385
0554361926
0558795908
0555347716
0549626340
7076672197
0559157965
0549429458
6936949686
0542952318
0555369134
6591484827
0562263313
6165496598
0549734252
0542433761
6123608121
0558268957
0558032354
6886836826
0561315495
6087722162
0541788461
0557622031
7263332351
0542067365
5786138209
0550341153
7411855481
0559112202
5601209245
6196371910
0554758364
6968071124
0561315599
7076672197
0559157965
5384571875
0558642858
6479800566
1121180691
0549614778
6446426643
0558236487
6822413751
0549109769
7274673055
0557081510
6003133385
0554579744
7409941090
0558836433
7336744116
0541920440
5766034934
0562208794
6515122562
0540652095
7053894674
0542506812
6706460948
0553446434
6591484827
0562263313
7219350998
0562053197
7248423947
0553690139
7263332351
0542067365
6087722162
0557622031
5607839442
0541415796
6439807655
0552494675
7088268556
0549429458
6610869270
0550487601
5454454897
0554742817
6740065803
0555347716
